Pedigree,Person,Mother,Father,Sex,,,simTrait
  1       ,  16      ,          ,          ,  F       ,          ,  29.20564,
  1       ,  8228    ,          ,          ,  F       ,          ,  31.80179,
  1       ,  17008   ,          ,          ,  M       ,          ,  37.82143,
  1       ,  9218    ,  17008   ,  16      ,  M       ,          ,  35.08036,
  1       ,  3226    ,  9218    ,  8228    ,  F       ,          ,  28.32902,
  2       ,  29      ,          ,          ,  F       ,          ,  36.17929,
  2       ,  2294    ,          ,          ,  M       ,          ,  42.88099,
  2       ,  3416    ,          ,          ,  M       ,          ,  40.98316,
  2       ,  17893   ,  2294    ,  29      ,  F       ,          ,  35.55038,
  2       ,  6952    ,  3416    ,  17893   ,  M       ,          ,  48.06048,
  2       ,  14695   ,  2294    ,  29      ,  F       ,          ,  37.60566,
  2       ,  6790    ,  2294    ,  29      ,  M       ,          ,  46.36752,
  2       ,  3916    ,  2294    ,  29      ,  F       ,          ,  35.05782,
  3       ,  39      ,          ,          ,  F       ,          ,  34.28877,
  3       ,  4521    ,          ,          ,  F       ,          ,  38.13171,
  3       ,  8366    ,          ,          ,  M       ,          ,  40.98539,
  3       ,  16693   ,          ,          ,  F       ,          ,  34.21628,
  3       ,  21688   ,  8366    ,  16693   ,  M       ,          ,  36.63124,
  3       ,  25532   ,  21688   ,  39      ,  F       ,          ,  31.88658,
  3       ,  26294   ,  21688   ,  39      ,  M       ,          ,  39.75311,
  3       ,  16795   ,  21688   ,  39      ,  F       ,          ,  33.99074,
  3       ,  17445   ,  8366    ,  16693   ,  M       ,          ,  38.53802,
  3       ,  2039    ,  17445   ,  4521    ,  M       ,          ,  39.46585,
  3       ,  2831    ,  8366    ,  16693   ,  M       ,          ,  42.91433,
  4       ,  54      ,          ,          ,  F       ,          ,  32.13501,
  4       ,  5072    ,          ,          ,  M       ,          ,  37.75151,
  4       ,  17240   ,  5072    ,  54      ,  F       ,          ,  33.84349,
  5       ,  70      ,          ,          ,  F       ,          ,  34.59888,
  5       ,  24010   ,          ,          ,  M       ,          ,  40.09751,
  5       ,  21999   ,  24010   ,  70      ,  M       ,          ,  42.99402,
  8       ,  109     ,          ,          ,  M       ,          ,  37.41603,
  8       ,  7395    ,          ,          ,  F       ,          ,  33.77752,
  8       ,  19099   ,  109     ,  7395    ,  M       ,          ,  38.80441,
  8       ,  13234   ,  109     ,  7395    ,  F       ,          ,  34.40569,
  8       ,  12043   ,  109     ,  7395    ,  F       ,          ,  29.52345,
  8       ,  5226    ,  109     ,  7395    ,  M       ,          ,  42.36854,
  10      ,  141     ,          ,          ,  F       ,          ,  32.21419,
  10      ,  16886   ,          ,          ,  M       ,          ,  43.51632,
  10      ,  6825    ,  16886   ,  141     ,  F       ,          ,  35.97481,
  10      ,  480     ,  16886   ,  141     ,  F       ,          ,  35.34510,
  11      ,  182     ,          ,          ,  M       ,          ,  35.39880,
  11      ,  4117    ,          ,          ,  F       ,          ,  35.54144,
  11      ,  13854   ,          ,          ,  F       ,          ,  29.53534,
  11      ,  19440   ,          ,          ,  M       ,          ,  39.17309,
  11      ,  20318   ,          ,          ,  F       ,          ,  30.56993,
  11      ,  25910   ,  19440   ,  13854   ,  M       ,          ,  36.36442,
  11      ,  21515   ,  19440   ,  13854   ,  F       ,          ,  31.16509,
  11      ,  11280   ,  182     ,  21515   ,  F       ,          ,  30.11250,
  11      ,  7670    ,  182     ,  21515   ,  M       ,          ,  37.51577,
  11      ,  12003   ,  19440   ,  13854   ,  M       ,          ,  33.01421,
  11      ,  14143   ,  12003   ,  4117    ,  M       ,          ,  37.07798,
  11      ,  15898   ,  14143   ,  20318   ,  M       ,          ,  34.79655,
  11      ,  10579   ,  14143   ,  20318   ,  F       ,          ,  31.99262,
  11      ,  18979   ,  12003   ,  4117    ,  F       ,          ,  34.10469,
  11      ,  6244    ,  14143   ,  20318   ,  F       ,          ,  34.25889,
  14      ,  264     ,          ,          ,  F       ,          ,  36.84310,
  14      ,  16636   ,          ,          ,  M       ,          ,  39.25868,
  14      ,  26732   ,          ,          ,  M       ,          ,  42.63249,
  14      ,  12511   ,  16636   ,  264     ,  F       ,          ,  34.95879,
  14      ,  4078    ,  16636   ,  264     ,  F       ,          ,  37.09359,
  14      ,  25732   ,  26732   ,  4078    ,  M       ,          ,  42.52580,
  17      ,  309     ,          ,          ,  F       ,          ,  37.10268,
  17      ,  6637    ,          ,          ,  M       ,          ,  40.16181,
  17      ,  11879   ,          ,          ,  F       ,          ,  31.45488,
  17      ,  19275   ,          ,          ,  M       ,          ,  39.41931,
  17      ,  22601   ,          ,          ,  M       ,          ,  38.09502,
  17      ,  24818   ,          ,          ,  M       ,          ,  37.04647,
  17      ,  26856   ,          ,          ,  M       ,          ,  38.61527,
  17      ,  26857   ,          ,          ,  M       ,          ,  44.61365,
  17      ,  19113   ,  6637    ,  309     ,  F       ,          ,  35.17484,
  17      ,  19235   ,  22601   ,  19113   ,  F       ,          ,  30.99862,
  17      ,  6932    ,  22601   ,  19113   ,  M       ,          ,  39.35415,
  17      ,  11361   ,  22601   ,  19113   ,  F       ,          ,  31.91075,
  17      ,  12004   ,  6637    ,  309     ,  F       ,          ,  35.94537,
  17      ,  18645   ,  26856   ,  12004   ,  M       ,          ,  35.58701,
  17      ,  22301   ,  26857   ,  12004   ,  M       ,          ,  41.88404,
  17      ,  7098    ,  6637    ,  309     ,  M       ,          ,  44.08404,
  17      ,  12785   ,  7098    ,  11879   ,  M       ,          ,  45.44023,
  17      ,  19176   ,  7098    ,  11879   ,  F       ,          ,  37.60122,
  17      ,  10418   ,  7098    ,  11879   ,  M       ,          ,  43.64714,
  17      ,  16612   ,  7098    ,  11879   ,  M       ,          ,  42.98597,
  17      ,  908     ,  7098    ,  11879   ,  M       ,          ,  43.09925,
  17      ,  1649    ,  24818   ,  309     ,  F       ,          ,  32.62620,
  17      ,  20334   ,  19275   ,  1649    ,  M       ,          ,  40.68269,
  19      ,  352     ,          ,          ,  F       ,          ,  33.63291,
  19      ,  720     ,          ,          ,  M       ,          ,  35.84852,
  19      ,  16617   ,          ,          ,  F       ,          ,  36.19565,
  19      ,  18679   ,          ,          ,  F       ,          ,  33.21179,
  19      ,  25222   ,          ,          ,  M       ,          ,  44.06816,
  19      ,  26591   ,  720     ,  352     ,  F       ,          ,  30.74533,
  19      ,  1706    ,  25222   ,  26591   ,  M       ,          ,  40.27193,
  19      ,  13367   ,  25222   ,  26591   ,  F       ,          ,  37.19222,
  19      ,  19856   ,  720     ,  352     ,  M       ,          ,  40.76144,
  19      ,  3593    ,  720     ,  352     ,  M       ,          ,  38.34054,
  19      ,  8344    ,  3593    ,  18679   ,  F       ,          ,  32.32320,
  19      ,  23699   ,  3593    ,  18679   ,  M       ,          ,  38.96241,
  19      ,  2500    ,  3593    ,  18679   ,  F       ,          ,  37.99763,
  19      ,  9513    ,  3593    ,  18679   ,  M       ,          ,  37.62798,
  19      ,  2145    ,  720     ,  352     ,  M       ,          ,  36.78084,
  19      ,  14432   ,  2145    ,  16617   ,  M       ,          ,  36.11487,
  19      ,  22375   ,  2145    ,  16617   ,  M       ,          ,  39.58272,
  19      ,  10272   ,  2145    ,  16617   ,  M       ,          ,  39.69039,
  22      ,  384     ,          ,          ,  F       ,          ,  35.58803,
  22      ,  2381    ,          ,          ,  M       ,          ,  44.43538,
  22      ,  6894    ,          ,          ,  M       ,          ,  39.06898,
  22      ,  14412   ,          ,          ,  F       ,          ,  36.84326,
  22      ,  22190   ,          ,          ,  F       ,          ,  36.93727,
  22      ,  24468   ,  2381    ,  384     ,  M       ,          ,  43.46473,
  22      ,  23690   ,  6894    ,  14412   ,  F       ,          ,  34.99459,
  22      ,  6208    ,  6894    ,  14412   ,  F       ,          ,  34.26172,
  22      ,  18921   ,  24468   ,  6208    ,  F       ,          ,  38.37541,
  22      ,  10130   ,  24468   ,  6208    ,  M       ,          ,  40.25900,
  23      ,  392     ,          ,          ,  M       ,          ,  43.74924,
  23      ,  743     ,          ,          ,  F       ,          ,  37.01867,
  23      ,  7079    ,          ,          ,  F       ,          ,  38.70568,
  23      ,  25566   ,          ,          ,  F       ,          ,  29.82125,
  23      ,  25997   ,          ,          ,  M       ,          ,  42.56723,
  23      ,  26274   ,  392     ,  743     ,  F       ,          ,  32.53380,
  23      ,  18694   ,  25997   ,  26274   ,  M       ,          ,  40.82751,
  23      ,  5586    ,  25997   ,  26274   ,  F       ,          ,  33.00677,
  23      ,  25256   ,  392     ,  743     ,  M       ,          ,  40.66506,
  23      ,  19279   ,  392     ,  743     ,  M       ,          ,  40.52716,
  23      ,  3760    ,  392     ,  743     ,  M       ,          ,  43.26506,
  23      ,  17654   ,  3760    ,  7079    ,  M       ,          ,  45.51807,
  23      ,  25271   ,  3760    ,  7079    ,  F       ,          ,  36.88655,
  23      ,  22743   ,  3760    ,  7079    ,  F       ,          ,  37.04680,
  23      ,  3121    ,  392     ,  743     ,  M       ,          ,  41.44442,
  23      ,  9943    ,  3121    ,  25566   ,  F       ,          ,  35.38159,
  23      ,  18496   ,  3121    ,  25566   ,  F       ,          ,  34.27991,
  23      ,  283     ,  392     ,  743     ,  F       ,          ,  33.97507,
  24      ,  394     ,          ,          ,  F       ,          ,  32.06582,
  24      ,  22156   ,          ,          ,  M       ,          ,  40.90737,
  24      ,  19621   ,          ,          ,  F       ,          ,  32.54329,
  24      ,  13575   ,  22156   ,  394     ,  M       ,          ,  38.23117,
  24      ,  10817   ,  13575   ,  19621   ,  F       ,          ,  30.34157,
  24      ,  15061   ,  13575   ,  19621   ,  M       ,          ,  40.18703,
  24      ,  1018    ,  22156   ,  394     ,  F       ,          ,  30.62705,
  25      ,  398     ,          ,          ,  F       ,          ,  33.71504,
  25      ,  3016    ,          ,          ,  M       ,          ,  41.24736,
  25      ,  22041   ,          ,          ,  M       ,          ,  38.04592,
  25      ,  23404   ,          ,          ,  M       ,          ,  39.04070,
  25      ,  22711   ,  3016    ,  398     ,  F       ,          ,  32.94377,
  25      ,  3012    ,  22041   ,  22711   ,  F       ,          ,  30.24151,
  25      ,  15940   ,  22041   ,  22711   ,  M       ,          ,  37.81352,
  25      ,  5229    ,  22041   ,  22711   ,  F       ,          ,  30.80268,
  25      ,  5299    ,  3016    ,  398     ,  F       ,          ,  32.42869,
  25      ,  11822   ,  23404   ,  5299    ,  M       ,          ,  39.92737,
  25      ,  24192   ,  23404   ,  5299    ,  M       ,          ,  37.62434,
  25      ,  1269    ,  23404   ,  5299    ,  M       ,          ,  38.78483,
  25      ,  3094    ,  3016    ,  398     ,  M       ,          ,  39.91245,
  27      ,  437     ,          ,          ,  F       ,          ,  33.14137,
  27      ,  10069   ,          ,          ,  M       ,          ,  43.83929,
  27      ,  11621   ,          ,          ,  F       ,          ,  31.83510,
  27      ,  14123   ,          ,          ,  F       ,          ,  31.87239,
  27      ,  23649   ,  10069   ,  437     ,  M       ,          ,  40.30189,
  27      ,  17951   ,  23649   ,  11621   ,  M       ,          ,  37.32415,
  27      ,  17917   ,  17951   ,  14123   ,  F       ,          ,  30.87942,
  28      ,  443     ,          ,          ,  F       ,          ,  35.51953,
  28      ,  9782    ,          ,          ,  M       ,          ,  41.42338,
  28      ,  21962   ,  9782    ,  443     ,  M       ,          ,  42.03600,
  28      ,  15617   ,  9782    ,  443     ,  M       ,          ,  44.80161,
  29      ,  444     ,          ,          ,  F       ,          ,  37.22262,
  29      ,  14219   ,          ,          ,  M       ,          ,  38.95235,
  29      ,  18775   ,          ,          ,  M       ,          ,  38.97694,
  29      ,  548     ,  14219   ,  444     ,  F       ,          ,  35.30647,
  29      ,  5986    ,  18775   ,  548     ,  M       ,          ,  36.50408,
  29      ,  2154    ,  18775   ,  548     ,  M       ,          ,  34.31488,
  29      ,  14640   ,  18775   ,  548     ,  F       ,          ,  33.96409,
  31      ,  5777    ,          ,          ,  F       ,          ,  33.60183,
  31      ,  6885    ,          ,          ,  F       ,          ,  35.03186,
  31      ,  9381    ,          ,          ,  M       ,          ,  36.96853,
  31      ,  13772   ,          ,          ,  F       ,          ,  30.74825,
  31      ,  14586   ,          ,          ,  F       ,          ,  33.75263,
  31      ,  17673   ,          ,          ,  M       ,          ,  40.68325,
  31      ,  23058   ,          ,          ,  M       ,          ,  43.76010,
  31      ,  24094   ,          ,          ,  M       ,          ,  39.95246,
  31      ,  24938   ,          ,          ,  M       ,          ,  39.85548,
  31      ,  26817   ,          ,          ,  M       ,          ,  39.67360,
  31      ,  27016   ,          ,          ,  M       ,          ,  34.66556,
  31      ,  27017   ,          ,          ,  M       ,          ,  39.52413,
  31      ,  19392   ,  26817   ,  13772   ,  F       ,          ,  34.72278,
  31      ,  10472   ,  24094   ,  6885    ,  F       ,          ,  36.70687,
  31      ,  21403   ,  27016   ,  10472   ,  F       ,          ,  33.88466,
  31      ,  12608   ,  27017   ,  10472   ,  F       ,          ,  31.18318,
  31      ,  13725   ,  23058   ,  12608   ,  F       ,          ,  31.67216,
  31      ,  24385   ,  23058   ,  12608   ,  M       ,          ,  43.58843,
  31      ,  1365    ,  23058   ,  12608   ,  F       ,          ,  39.73192,
  31      ,  10372   ,  24094   ,  6885    ,  F       ,          ,  34.76781,
  31      ,  15884   ,  9381    ,  10372   ,  F       ,          ,  32.62191,
  31      ,  152     ,  24938   ,  15884   ,  F       ,          ,  33.83999,
  31      ,  14705   ,  9381    ,  10372   ,  M       ,          ,  42.26222,
  31      ,  15802   ,  14705   ,  5777    ,  M       ,          ,  42.26790,
  31      ,  19770   ,  9381    ,  10372   ,  F       ,          ,  33.04774,
  31      ,  26007   ,  17673   ,  19770   ,  M       ,          ,  39.55751,
  31      ,  24905   ,  17673   ,  19770   ,  M       ,          ,  44.72676,
  31      ,  16785   ,  24905   ,  14586   ,  M       ,          ,  42.46374,
  31      ,  4512    ,  17673   ,  19770   ,  F       ,          ,  33.45711,
  31      ,  18037   ,  17673   ,  19770   ,  F       ,          ,  36.69001,
  31      ,  4257    ,  9381    ,  10372   ,  M       ,          ,  40.66950,
  31      ,  19358   ,  4257    ,  13772   ,  M       ,          ,  41.79858,
  31      ,  9277    ,  4257    ,  13772   ,  M       ,          ,  38.85976,
  31      ,  16139   ,  4257    ,  13772   ,  M       ,          ,  42.21514,
  31      ,  10439   ,  4257    ,  13772   ,  M       ,          ,  40.26029,
  31      ,  63      ,  17673   ,  19770   ,  F       ,          ,  36.09045,
  10006   ,  66      ,          ,          ,  M       ,          ,  37.72721,
  10008   ,  92      ,          ,          ,  M       ,          ,  40.46004,
  10014   ,  186     ,          ,          ,  M       ,          ,  36.59842,
  10027   ,  374     ,          ,          ,  M       ,          ,  40.16524,
  10029   ,  434     ,          ,          ,  M       ,          ,  44.12219,
  10033   ,  333     ,          ,          ,  M       ,          ,  37.79624,
  10040   ,  234     ,          ,          ,  M       ,          ,  38.96260,
  10045   ,  789     ,          ,          ,  M       ,          ,  40.51312,
